ModelEINP/Resources/heights.asc
ncols        137
nrows        163
xllcorner    -112.950833333333
yllcorner    53.511250000000
dx           0.001253041363
dy           0.001252556237
NODATA_value -32767
[rows 120 to 159 of 163, columns 0 to 88 of 137]
750 747 747 749 748 746 746 744 739 736 736 733 738 738 738 734 736 734 734 735 731 724 724 725 724 720 720 728 728 727 727 726 735 731 731 734 734 733 733 736 730 730 730 728 731 730 730 729 734 735 735 736 730 727 727 727 730 729 729 725 722 724 724 725 720 715 715 715 711 719 722 722 718 714 710 710 716 720 716 716 714 718 717 717 719 719 723 723 722
751 753 753 749 750 748 748 745 745 740 740 734 734 736 736 733 733 730 730 734 731 727 727 724 724 720 720 727 726 727 727 735 739 739 739 735 730 730 730 731 732 724 724 726 730 732 732 731 734 738 738 735 729 727 727 729 728 729 729 726 725 723 723 725 725 716 716 711 709 716 721 721 722 713 711 711 718 716 711 711 710 717 718 718 720 722 723 723 723
749 750 750 750 751 750 750 747 744 740 740 738 739 735 735 729 730 731 731 727 727 725 725 725 724 726 726 726 727 737 737 732 735 732 732 732 729 733 733 735 731 729 729 728 731 732 732 730 729 729 729 732 730 731 731 733 729 729 729 728 731 729 729 725 727 721 721 716 711 710 711 711 713 717 712 712 710 713 714 714 718 718 719 719 721 718 721 721 721
749 750 750 754 751 751 751 747 743 739 739 744 738 738 738 735 736 733 733 732 730 726 726 726 725 731 731 738 739 738 738 735 731 730 730 731 732 733 733 733 729 724 724 728 734 731 731 727 732 732 732 735 732 729 729 730 727 726 726 733 728 728 728 726 724 720 720 721 717 713 709 709 717 720 712 712 711 713 714 714 716 715 719 719 721 718 720 720 719
747 750 750 751 751 749 749 746 746 742 742 743 739 737 737 734 733 734 734 734 732 735 735 728 730 734 734 741 740 739 739 739 734 733 733 730 728 731 731 732 734 723 723 723 730 721 721 723 723 724 724 726 730 733 733 731 730 729 729 735 728 726 726 727 728 723 723 723 723 712 717 717 711 713 709 709 709 713 715 715 710 708 716 716 721 718 721 721 718
746 750 750 750 748 749 749 750 752 746 746 743 739 737 737 735 734 736 736 736 731 736 736 735 727 734 734 736 734 735 735 736 740 734 734 727 722 733 733 734 733 729 729 727 725 722 722 718 718 718 718 720 728 732 732 730 729 733 733 734 734 731 731 729 727 726 726 723 726 717 711 711 708 708 708 708 708 708 708 708 708 708 708 708 714 715 721 721 717
747 744 744 745 746 746 746 743 745 744 744 743 742 737 737 733 738 737 737 736 735 729 729 730 730 725 725 723 733 732 732 737 740 740 740 733 727 723 723 727 725 728 728 728 725 719 719 718 718 727 727 731 730 732 732 732 734 735 735 729 728 730 730 727 729 726 726 722 724 724 721 721 719 712 708 708 708 708 708 708 708 708 708 708 708 718 718 718 719
744 745 745 745 746 743 743 745 748 742 742 742 739 738 738 732 733 730 730 731 730 729 729 728 727 727 727 725 725 731 731 733 738 738 738 738 733 722 722 723 720 720 720 722 722 720 720 718 718 726 726 730 731 732 732 731 732 736 736 730 731 730 730 729 727 727 727 724 724 726 723 723 720 716 713 713 708 708 708 708 708 708 708 708 708 716 718 718 719
742 741 741 743 745 744 744 742 740 741 741 740 736 733 733 731 732 736 736 731 732 735 735 736 735 737 737 731 729 725 725 725 731 735 735 739 729 726 726 731 725 732 732 729 732 730 730 722 719 718 718 725 728 728 728 730 730 732 732 732 732 732 732 724 725 726 726 725 723 724 721 721 714 715 716 716 710 708 708 708 708 708 708 708 708 709 716 716 715
750 741 741 738 743 745 745 743 741 738 738 737 739 736 736 740 735 739 739 737 738 736 736 738 737 738 738 735 729 729 729 724 728 733 733 735 724 718 718 728 724 733 733 734 734 732 732 724 718 718 718 720 722 729 729 730 730 733 733 731 730 730 730 722 727 729 729 724 723 720 723 723 719 712 713 713 718 708 708 708 708 708 708 708 708 708 711 711 712
753 752 752 746 741 740 740 739 742 736 736 734 736 737 737 738 736 737 737 738 736 737 737 736 738 738 738 743 741 735 735 723 721 721 721 722 719 719 719 719 718 724 724 731 728 728 728 725 718 718 718 718 718 718 718 730 731 727 727 727 727 726 726 730 733 727 727 726 722 720 722 722 720 722 721 721 723 719 708 708 708 708 708 708 708 708 708 708 708
750 751 751 747 747 738 738 737 736 735 735 741 740 737 737 737 736 735 735 736 737 737 737 737 739 737 737 741 738 738 738 723 724 726 726 724 721 720 720 721 723 718 718 718 718 718 718 718 718 718 718 718 718 718 718 730 728 725 725 729 729 730 730 729 727 728 728 725 721 722 722 722 720 723 721 721 723 718 712 712 708 708 708 708 708 708 708 708 708
743 746 746 744 742 740 740 738 736 735 735 736 735 734 734 734 736 736 736 734 735 737 737 738 736 735 735 736 736 732 732 723 728 730 730 734 734 731 731 731 728 730 730 726 719 718 718 718 720 726 726 720 718 719 719 723 719 724 724 723 719 721 721 733 727 726 726 726 725 721 726 726 724 722 723 723 722 719 709 709 708 708 708 708 708 708 708 708 708
738 748 748 746 742 741 741 741 737 737 737 737 735 733 733 736 733 734 734 733 731 735 735 736 735 738 738 737 735 731 731 727 726 729 729 731 731 731 731 730 728 731 731 731 728 726 726 728 724 729 729 722 718 719 719 724 719 721 721 717 720 724 724 729 723 728 728 727 724 718 716 716 719 719 717 717 715 716 710 710 708 708 708 708 708 708 708 708 708
742 742 742 741 739 739 739 739 739 738 738 741 739 737 737 736 737 736 736 737 733 732 732 730 732 729 729 728 728 733 733 730 721 725 725 723 721 733 733 729 730 731 731 726 730 730 730 729 730 727 727 720 724 728 728 726 725 719 719 718 718 723 723 724 720 716 716 717 721 716 716 716 717 718 723 723 723 718 714 714 708 708 708 708 715 708 708 708 708
740 739 739 736 737 740 740 740 737 739 739 737 737 740 740 737 736 735 735 737 740 739 739 735 735 731 731 733 732 734 734 733 729 721 721 718 725 729 729 730 731 733 733 729 726 729 729 726 720 722 722 719 723 729 729 729 719 718 718 722 724 723 723 719 715 716 716 715 719 720 722 722 723 724 725 725 721 719 711 711 708 708 708 708 708 719 708 708 708
735 731 731 734 733 732 732 735 738 736 736 735 735 735 735 738 738 735 735 740 738 738 738 737 734 736 736 737 730 734 734 731 730 729 729 719 721 717 717 722 724 723 723 729 729 721 721 717 717 717 717 724 725 729 729 733 729 725 725 724 725 722 722 722 725 722 722 725 728 727 726 726 724 725 725 725 723 719 717 717 710 708 708 708 708 717 717 717 708
734 734 734 734 731 736 736 736 739 736 736 734 732 733 733 736 737 734 734 738 738 736 736 737 734 736 736 734 735 733 733 731 733 731 731 724 722 717 717 717 717 717 717 723 721 723 723 717 717 717 717 721 724 725 725 730 729 731 731 730 722 721 721 723 727 727 727 726 725 728 725 725 724 726 722 722 722 719 718 718 715 708 708 708 708 721 719 719 722
730 729 729 733 733 728 728 735 734 737 737 740 737 734 734 736 730 733 733 735 733 738 738 737 735 736 736 736 734 733 733 731 734 730 730 728 729 726 726 725 717 717 717 717 717 717 717 717 717 726 726 728 728 732 732 729 727 728 728 736 726 723 723 728 735 732 732 730 721 726 731 731 723 721 721 721 723 722 716 716 709 708 708 708 717 715 719 719 714
735 725 725 728 733 735 735 733 734 737 737 736 735 734 734 730 729 735 735 733 735 742 742 737 736 738 738 735 735 730 730 730 735 731 731 727 730 727 727 730 727 717 717 718 719 717 717 717 723 728 728 728 729 726 726 725 725 728 728 734 732 723 723 730 735 731 731 726 721 727 730 730 723 722 722 722 724 721 717 717 712 708 709 709 718 717 718 718 715
729 733 733 737 727 724 724 724 731 736 736 732 736 736 736 730 733 733 733 734 735 737 737 738 733 731 731 731 729 730 730 735 731 732 732 730 726 726 726 724 717 718 718 725 728 725 725 718 717 717 717 727 726 718 718 720 727 727 727 730 722 724 724 733 735 728 728 729 718 724 727 727 727 721 725 725 721 721 724 724 720 708 709 709 717 719 719 719 719
728 731 731 729 734 724 724 722 730 736 736 733 731 731 731 728 735 735 735 735 734 736 736 738 731 727 727 729 729 726 726 733 730 732 732 731 730 730 730 726 726 729 729 730 727 727 727 723 722 717 717 720 724 717 717 718 728 727 727 731 724 722 722 726 728 726 726 727 729 731 729 729 728 721 723 723 719 717 719 719 719 708 708 708 708 721 721 721 720
735 738 738 739 724 722 722 722 725 730 730 733 732 727 727 726 726 733 733 734 734 737 737 736 731 731 731 735 735 735 735 725 726 733 733 732 732 732 732 727 724 731 731 729 729 728 728 726 725 727 727 727 717 717 717 721 724 719 719 721 723 723 723 722 721 729 729 726 726 725 723 723 726 725 720 720 721 720 719 719 717 713 708 708 708 708 722 722 720
732 736 736 735 726 722 722 722 724 731 731 736 737 736 736 727 728 733 733 732 730 731 731 732 732 734 734 733 737 738 738 728 724 732 732 734 731 730 730 727 723 729 729 729 724 725 725 731 727 726 726 729 722 717 717 723 722 714 714 720 716 723 723 725 726 725 725 726 728 736 719 719 725 722 714 714 716 719 721 721 708 708 708 708 708 718 719 719 717
725 725 725 733 726 722 722 722 731 736 736 737 736 738 738 731 724 727 727 729 732 731 731 732 732 732 732 737 733 728 728 729 727 723 723 722 723 720 720 725 730 730 730 731 729 729 729 729 726 732 732 728 724 721 721 720 714 713 713 714 711 718 718 722 724 723 723 724 729 726 725 725 723 719 715 715 719 722 719 719 708 708 708 708 720 717 726 726 725
733 729 729 731 729 722 722 722 731 734 734 735 736 736 736 728 723 722 722 724 736 738 738 737 731 733 733 735 732 730 730 733 732 728 728 724 720 722 722 727 732 731 731 731 729 728 728 730 729 736 736 727 728 723 723 712 712 713 713 712 709 714 714 724 725 722 722 727 726 726 725 725 719 722 717 717 720 721 722 722 709 715 715 715 722 720 723 723 723
734 733 733 731 731 724 724 722 722 722 722 726 731 729 729 722 722 722 722 722 741 737 737 736 733 735 735 729 727 727 727 729 734 730 730 730 731 725 725 726 724 725 725 726 728 731 731 727 727 729 729 723 720 721 721 715 722 723 723 717 710 712 712 719 725 723 723 724 721 725 718 718 719 718 715 715 709 714 716 716 716 714 709 709 720 724 717 717 718
730 730 730 725 724 722 722 722 722 722 722 722 722 722 722 722 722 722 722 722 738 739 739 739 734 734 734 734 728 729 729 731 732 735 735 727 730 732 732 726 730 730 730 729 730 723 723 726 727 724 724 723 720 722 722 726 729 720 720 714 714 718 718 713 717 719 719 718 716 722 720 720 710 711 711 711 715 710 707 707 709 711 707 707 717 721 718 718 718
731 724 724 725 723 722 722 731 732 727 727 723 722 722 722 722 722 722 722 734 727 734 734 736 738 730 730 731 733 728 728 730 729 736 736 736 727 728 728 730 733 730 730 729 731 722 722 720 719 722 722 719 723 718 718 716 715 713 713 721 720 727 727 723 727 731 731 727 726 728 723 723 719 717 710 710 708 721 707 707 710 713 707 707 713 714 718 718 719
726 723 723 725 722 722 722 722 732 730 730 723 722 722 722 723 722 728 728 730 726 725 725 728 731 728 728 733 730 732 732 732 735 734 734 733 734 730 730 731 733 729 729 726 728 721 721 722 724 723 723 726 715 714 714 715 714 718 718 727 724 721 721 726 725 726 726 729 727 724 725 725 725 718 708 708 708 724 718 718 709 707 709 709 712 713 719 719 717
726 722 722 722 722 722 722 722 722 723 723 726 732 724 724 722 722 722 722 729 725 725 725 724 726 727 727 730 733 730 730 729 731 734 734 733 734 734 734 727 730 732 732 730 722 720 720 723 731 728 728 721 731 727 727 724 727 721 721 724 722 724 724 727 727 728 728 729 726 721 721 721 714 718 720 720 711 707 706 706 706 710 705 705 707 709 708 708 713
728 722 722 722 725 723 723 722 722 722 722 722 722 730 730 727 734 725 725 725 730 730 730 723 734 732 732 728 729 732 732 726 732 732 732 733 736 733 733 727 732 732 732 724 720 727 727 728 729 719 719 724 731 727 727 728 727 727 727 730 728 728 728 729 728 730 730 731 726 725 724 724 722 724 719 719 717 708 708 708 709 718 713 713 709 717 713 713 704
-32767 733 733 735 739 739 739 733 726 722 722 723 729 730 730 730 732 738 738 733 727 738 738 731 734 726 726 721 722 724 724 728 728 731 731 724 732 728 728 720 721 729 729 732 723 730 730 723 717 716 716 728 732 734 734 728 729 728 728 733 733 739 739 736 732 732 732 735 729 730 729 729 733 728 729 729 723 719 714 714 720 721 711 711 721 722 720 720 715
-32767 -32767 -32767 -32767 -32767 -32767 -32767 -32767 731 728 728 725 725 728 728 725 725 727 727 731 724 733 733 732 736 730 730 725 721 724 724 724 726 727 727 724 729 724 724 721 723 728 728 729 726 731 731 721 714 715 715 726 734 729 729 728 726 732 732 727 724 731 731 736 734 733 733 732 728 728 731 731 730 726 725 725 718 717 713 713 722 719 712 712 720 722 726 726 714
-32767 -32767 -32767 -32767 -32767 -32767 -32767 -32767 -32767 -32767 -32767 -32767 -32767 -32767 -32767 -32767 738 727 727 735 731 730 730 737 733 729 729 728 730 732 732 732 722 721 721 724 720 721 721 723 726 732 732 731 724 715 715 716 718 718 718 724 731 720 720 721 723 724 724 725 726 737 737 727 735 731 731 726 729 728 726 726 726 726 731 731 726 718 721 721 722 726 717 717 712 711 714 714 723
-32767 -32767 -32767 -32767 -32767 -32767 -32767 -32767 -32767 -32767 -32767 -32767 -32767 -32767 -32767 -32767 -32767 -32767 -32767 734 732 734 734 740 739 733 733 736 730 731 731 724 724 721 721 722 719 719 719 731 725 729 729 733 729 715 715 718 717 719 719 735 727 718 718 718 718 718 718 718 732 732 732 736 738 730 730 728 729 726 729 729 728 725 730 730 724 722 723 723 721 717 709 709 709 710 708 708 722
-32767 -32767 -32767 -32767 -32767 -32767 -32767 -32767 -32767 -32767 -32767 -32767 -32767 -32767 -32767 -32767 -32767 -32767 -32767 -32767 -32767 -32767 -32767 -32767 -32767 738 738 736 730 729 729 733 737 726 726 733 728 719 719 729 724 729 729 720 722 725 725 728 723 724 724 735 718 718 718 718 718 718 718 718 718 720 720 719 718 718 718 728 723 727 730 730 729 717 724 724 723 720 718 718 723 722 722 722 712 710 712 712 720
-32767 -32767 -32767 -32767 -32767 -32767 -32767 -32767 -32767 -32767 -32767 -32767 -32767 -32767 -32767 -32767 -32767 -32767 -32767 -32767 -32767 -32767 -32767 -32767 -32767 -32767 -32767 -32767 733 734 734 738 734 734 734 730 729 725 725 723 728 725 725 721 723 729 729 733 730 722 722 729 725 721 721 721 718 718 718 718 718 718 718 718 718 725 725 729 726 724 726 726 729 724 725 725 721 721 719 719 721 720 714 714 719 712 714 714 717
-32767 -32767 -32767 -32767 -32767 -32767 -32767 -32767 -32767 -32767 -32767 -32767 -32767 -32767 -32767 -32767 -32767 -32767 -32767 -32767 -32767 -32767 -32767 -32767 -32767 -32767 -32767 -32767 -32767 -32767 -32767 -32767 -32767 -32767 -32767 -32767 -32767 -32767 -32767 728 730 732 732 726 723 734 734 732 722 722 722 723 722 729 729 720 731 735 735 739 722 718 718 718 730 722 722 724 727 716 718 718 723 724 722 722 726 727 722 722 713 -32767 -32767 -32767 -32767 -32767 -32767 -32767 -32767
-32767 -32767 -32767 -32767 -32767 -32767 -32767 -32767 -32767 -32767 -32767 -32767 -32767 -32767 -32767 -32767 -32767 -32767 -32767 -32767 -32767 -32767 -32767 -32767 -32767 -32767 -32767 -32767 -32767 -32767 -32767 -32767 -32767 -32767 -32767 -32767 -32767 -32767 -32767 730 730 729 729 725 729 733 733 722 721 727 727 720 731 733 733 720 729 735 735 735 722 718 718 728 731 723 723 727 726 722 720 720 728 726 728 728 726 726 -32767 -32767 -32767 -32767 -32767 -32767 -32767 -32767 -32767 -32767 -32767
