ModelEINP/Resources/heights.asc
ncols        137
nrows        163
xllcorner    -112.950833333333
yllcorner    53.511250000000
dx           0.001253041363
dy           0.001252556237
NODATA_value -32767
[rows 80 to 119 of 163, columns 0 to 88 of 137]
725 726 726 719 726 719 719 722 728 734 734 729 733 735 735 733 719 719 719 719 719 725 725 719 719 719 719 719 719 730 730 730 728 730 730 732 733 732 732 729 733 734 734 734 734 733 733 731 731 731 731 731 727 725 725 721 722 719 719 718 718 712 712 712 712 724 724 729 725 736 736 736 735 739 737 737 737 736 733 733 733 734 734 734 736 736 727 727 733
729 730 730 729 723 718 718 718 723 722 722 729 732 728 728 721 719 719 719 730 730 733 733 733 732 720 720 719 728 731 731 731 729 729 729 730 731 734 734 731 730 731 731 730 729 734 734 733 731 727 727 725 725 722 722 723 720 716 716 718 717 712 712 712 712 712 712 728 730 728 733 733 737 735 740 740 741 740 738 738 738 737 733 733 735 733 730 730 732
723 731 731 734 729 727 727 727 731 730 730 725 721 720 720 725 719 719 719 720 723 731 731 733 735 731 731 731 732 733 733 734 732 728 728 729 727 730 730 728 731 730 730 732 730 728 728 726 719 720 720 719 718 721 721 720 718 720 720 722 721 712 712 712 712 712 712 712 726 727 729 729 732 734 734 734 732 736 736 736 736 739 737 737 736 736 727 727 730
730 731 731 731 726 720 720 732 734 732 732 720 717 722 722 724 719 719 719 725 729 734 734 731 734 734 734 728 733 733 733 733 731 731 731 731 731 729 729 729 731 728 728 727 726 724 724 720 716 714 714 715 716 716 716 720 716 717 717 721 718 712 712 712 712 712 712 712 724 732 730 730 733 736 733 733 732 734 733 733 736 736 734 734 737 735 728 728 731
730 732 732 721 720 726 726 731 738 737 737 732 725 722 722 722 729 730 730 726 722 737 737 736 737 734 734 732 731 731 731 732 728 732 732 727 723 725 725 725 725 722 722 725 725 719 719 717 719 717 717 712 712 712 712 712 712 712 712 712 712 712 712 712 712 712 712 712 712 727 735 735 734 731 731 731 729 729 730 730 732 732 733 733 738 734 730 730 726
723 722 722 727 731 733 733 733 735 730 730 736 721 722 722 726 730 732 732 729 722 729 729 736 738 737 737 736 734 733 733 731 725 731 731 724 724 723 723 727 722 722 722 720 719 716 716 718 716 715 715 712 712 712 712 712 712 712 712 712 712 712 712 712 712 712 712 712 712 725 733 733 734 733 732 732 726 730 731 731 730 730 734 734 734 731 729 729 727
721 732 732 734 732 731 731 729 726 721 721 721 726 720 720 726 738 736 736 734 731 729 729 734 737 738 738 730 727 725 725 723 727 738 738 735 735 734 734 727 721 716 716 716 717 717 717 715 714 712 712 712 712 712 712 712 712 712 712 712 712 712 712 712 712 712 712 712 712 721 728 728 730 731 730 730 729 730 728 728 728 728 726 726 731 733 730 730 730
731 734 734 734 728 725 725 725 721 724 724 721 724 722 722 723 732 738 738 739 736 728 728 729 733 732 732 730 727 725 725 728 738 736 736 735 739 738 738 734 730 724 724 716 715 720 720 715 712 712 712 712 712 712 712 712 712 712 712 712 712 712 712 712 712 712 712 712 712 719 726 726 725 730 728 728 727 732 730 730 729 725 728 728 727 728 724 724 730
731 735 735 729 725 723 723 727 723 726 726 733 735 733 733 730 741 738 738 730 735 736 736 734 729 729 729 732 735 738 738 738 741 742 742 738 732 732 732 734 732 729 729 723 721 716 716 712 712 712 712 712 712 712 712 712 712 712 712 712 712 712 712 712 712 712 712 712 725 726 725 725 728 726 727 727 729 729 728 728 727 723 718 718 726 731 732 732 730
723 731 731 730 728 722 722 723 724 732 732 724 726 730 730 736 741 739 739 739 738 735 735 737 738 732 732 731 738 742 742 738 738 742 742 739 735 734 734 730 729 729 729 728 727 718 718 712 712 712 712 712 712 712 712 712 712 712 712 712 712 712 712 712 712 712 712 721 725 729 726 726 723 726 724 724 732 727 722 722 722 723 719 719 725 729 731 731 729
736 729 729 731 725 727 727 726 736 737 737 726 727 729 729 738 736 740 740 742 744 735 735 731 738 740 740 736 739 736 736 739 738 738 738 733 735 738 738 730 721 727 727 726 722 716 716 712 712 712 712 712 712 712 712 712 712 712 712 712 712 712 712 712 712 712 712 723 726 724 724 724 726 726 722 722 721 722 724 724 726 724 724 724 725 731 728 728 727
732 735 735 727 733 732 732 729 738 736 736 726 731 736 736 731 738 737 737 743 739 733 733 733 738 740 740 734 737 736 736 738 736 735 735 732 734 735 735 730 731 726 726 726 720 720 720 712 712 712 712 712 712 712 712 712 712 712 712 712 712 712 712 712 712 725 725 731 732 723 726 726 726 725 719 719 724 725 723 723 721 719 723 723 721 723 728 728 728
722 733 733 722 722 722 722 728 734 727 727 732 734 738 738 734 734 735 735 733 736 732 732 741 738 737 737 744 738 738 738 740 737 733 733 730 730 731 731 731 730 723 723 722 724 722 722 712 712 712 712 712 712 712 712 712 712 712 712 712 712 712 712 712 712 712 712 723 724 726 725 725 720 717 722 722 722 721 713 713 713 713 713 713 713 722 727 727 724
722 722 722 722 722 722 722 727 730 726 726 724 731 738 738 739 739 733 733 729 737 735 735 736 736 740 740 745 743 739 739 737 735 733 733 735 727 727 727 728 721 718 718 717 717 718 718 712 712 712 712 712 712 712 712 712 712 712 712 712 712 712 712 712 712 716 716 721 721 726 726 726 723 724 719 719 721 720 713 713 713 713 713 713 719 725 721 721 721
727 726 726 722 722 722 722 729 730 732 732 726 726 732 732 738 736 735 735 734 743 745 745 744 742 745 745 740 740 735 735 736 735 739 739 733 732 735 735 735 734 730 730 718 717 712 712 712 712 712 712 712 712 712 712 712 712 712 712 712 712 712 712 712 712 712 712 717 719 724 715 715 722 726 713 713 713 714 713 713 713 713 713 713 715 716 718 718 713
724 722 722 722 722 722 722 724 728 729 729 728 729 735 735 734 734 733 733 734 750 748 748 746 745 744 744 742 738 734 734 736 736 740 740 737 737 737 737 738 737 733 733 727 718 712 712 712 712 712 712 712 712 712 712 712 712 712 712 712 712 712 712 712 712 726 726 725 722 721 716 716 723 726 722 722 713 713 713 713 715 713 713 713 718 716 722 722 716
724 722 722 728 737 737 737 735 735 736 736 734 734 737 737 737 736 732 732 747 748 749 749 750 754 746 746 741 747 747 747 742 737 741 741 736 740 737 737 734 734 732 732 731 720 712 712 712 712 712 712 712 712 712 712 712 712 712 712 712 712 712 712 712 721 727 727 730 728 724 716 716 722 723 722 722 717 715 716 716 714 719 718 718 720 719 717 717 717
724 725 725 725 732 735 735 736 735 740 740 740 737 738 738 744 740 736 736 741 740 743 743 746 751 748 748 739 747 751 751 740 736 736 736 737 738 737 737 736 731 729 729 726 718 714 714 712 712 712 712 712 712 712 712 712 712 712 712 712 712 712 712 717 721 730 730 727 728 726 716 716 719 725 726 726 720 724 720 720 722 724 718 718 716 716 717 717 718
734 736 736 737 740 739 739 727 726 729 729 728 730 738 738 739 732 740 740 737 738 745 745 745 746 743 743 737 740 736 736 735 734 735 735 735 733 735 735 735 734 731 731 723 718 715 715 712 712 712 712 712 712 712 712 712 712 712 712 712 712 714 714 718 723 722 722 728 729 725 718 718 714 719 725 725 717 729 724 724 724 727 724 724 716 721 721 721 718
734 731 731 733 735 736 736 740 736 728 728 733 732 734 734 732 738 734 734 733 736 740 740 741 743 743 743 735 740 738 738 737 735 734 734 733 732 731 731 732 731 731 731 729 718 716 716 712 712 712 712 712 712 712 712 712 712 712 712 712 712 718 718 723 726 722 722 726 726 727 717 717 714 716 725 725 722 727 727 727 727 725 723 723 717 715 718 718 716
733 741 741 737 732 733 733 736 743 740 740 742 741 739 739 739 737 742 742 742 738 739 739 742 744 739 739 738 739 734 734 738 735 738 738 736 737 736 736 735 731 731 731 728 720 715 715 712 712 712 712 712 713 712 712 712 712 718 718 716 716 722 722 720 725 726 726 724 727 724 722 722 717 721 725 725 715 724 724 724 721 717 714 714 719 718 722 722 717
736 734 734 742 736 737 737 741 747 745 745 743 748 746 746 747 736 735 735 735 735 742 742 739 740 743 743 738 741 735 735 739 740 735 735 735 734 734 734 731 733 734 734 728 725 716 716 714 712 712 712 719 712 715 715 718 718 717 717 722 719 723 723 723 727 730 730 727 723 721 718 718 716 724 725 725 720 716 720 720 725 719 717 717 717 724 720 720 716
733 739 739 743 742 737 737 741 742 744 744 744 747 744 744 745 747 743 743 747 743 737 737 740 743 743 743 742 738 737 737 738 737 740 740 738 736 735 735 732 730 725 725 722 716 715 715 714 718 717 717 716 714 719 719 717 717 721 721 725 727 723 723 725 731 728 728 724 724 724 724 724 720 726 720 720 715 715 721 721 720 721 719 719 721 718 718 718 717
736 737 737 748 747 743 743 746 747 745 745 745 746 744 744 746 748 745 745 736 736 736 736 747 744 742 742 741 738 738 738 738 736 736 736 737 736 736 736 733 729 722 722 717 715 713 713 714 714 713 713 713 713 713 713 715 718 725 725 727 724 725 725 723 727 725 725 730 726 724 724 724 721 725 723 723 719 713 720 720 724 723 725 725 722 719 720 720 718
747 749 749 746 746 744 744 747 745 744 744 742 740 742 742 742 740 738 738 747 745 749 749 747 753 749 749 742 740 740 740 737 738 737 737 734 732 732 732 732 728 720 720 721 720 714 714 713 713 713 713 713 713 713 713 713 713 713 713 713 723 727 727 726 724 722 722 723 723 722 723 723 715 724 719 719 715 715 722 722 727 725 729 729 726 720 718 718 713
750 744 744 750 751 747 747 750 748 746 746 744 741 740 740 740 737 745 745 751 753 748 748 751 755 753 753 749 741 743 743 739 739 736 736 736 733 731 731 730 728 723 723 720 723 716 716 713 713 713 713 713 713 713 713 713 713 713 713 713 722 723 723 724 722 719 719 719 718 718 724 724 721 724 719 719 714 720 720 720 725 725 726 726 725 724 719 719 719
748 753 753 754 756 753 753 756 753 752 752 748 750 745 745 751 751 750 750 752 750 750 750 751 749 752 752 749 744 744 744 744 739 736 736 732 735 732 732 734 732 732 732 729 723 713 713 713 713 713 713 713 713 713 713 713 713 713 713 723 727 725 725 725 728 729 729 726 717 717 725 725 724 720 718 718 714 712 718 718 724 722 725 725 720 722 719 719 715
746 748 748 751 753 753 753 758 756 752 752 749 753 750 750 748 748 753 753 752 745 751 751 749 747 747 747 749 744 747 747 746 741 734 734 732 733 733 733 731 729 728 728 725 723 713 713 713 713 713 713 713 713 713 713 713 713 713 713 720 725 723 723 726 729 729 729 727 723 722 724 724 720 720 715 715 717 714 716 716 722 721 724 724 722 720 718 718 716
737 744 744 743 749 749 749 750 755 754 754 753 751 754 754 749 749 754 754 752 749 749 749 748 746 746 746 747 746 745 745 744 741 738 738 738 735 732 732 733 730 729 729 720 715 713 713 713 713 713 713 713 713 713 713 713 713 713 713 713 714 713 713 723 726 727 727 725 722 717 722 722 717 716 716 716 713 714 715 715 717 719 719 719 717 714 711 711 714
745 742 742 747 747 750 750 753 756 755 755 756 755 750 750 752 752 753 753 750 750 751 751 746 744 744 744 741 746 745 745 745 742 739 739 735 730 727 727 727 727 728 728 723 713 713 713 713 713 713 713 713 713 713 713 713 713 713 713 713 713 713 713 718 723 728 728 723 724 721 719 719 720 720 711 711 711 709 716 716 715 716 716 716 714 712 717 717 715
746 747 747 746 750 754 754 755 756 754 754 755 758 754 754 754 746 749 749 746 746 747 747 745 740 737 737 742 742 740 740 739 736 733 733 730 728 722 722 721 722 720 720 723 719 718 718 713 713 713 713 713 713 713 713 713 713 713 713 713 723 719 719 724 720 720 720 722 721 721 718 718 715 711 710 710 707 714 707 707 713 718 713 713 713 710 709 709 712
744 747 747 747 752 756 756 758 760 756 756 757 759 758 758 759 756 745 745 745 751 750 750 744 733 738 738 739 737 736 736 736 732 729 729 733 730 725 725 726 724 719 719 724 725 720 720 713 713 713 713 713 713 713 713 713 713 713 713 713 725 725 725 725 725 719 719 722 719 718 716 716 715 712 715 715 707 707 703 703 707 715 709 709 709 710 713 713 711
746 746 746 742 747 749 749 754 755 759 759 754 757 757 757 756 761 748 748 745 748 750 750 745 739 736 736 735 735 735 735 732 731 726 726 727 728 730 730 722 718 719 719 727 728 720 720 713 713 713 713 713 713 713 713 713 713 713 713 723 725 723 723 723 722 720 720 718 717 717 721 721 720 719 718 718 710 705 706 706 711 706 709 709 712 711 712 712 713
753 754 754 742 744 748 748 751 755 757 757 750 747 753 753 755 756 751 751 747 748 748 748 745 741 734 734 731 732 736 736 736 731 726 726 727 728 729 729 716 716 718 718 724 727 718 718 713 713 713 713 713 713 713 713 713 713 716 716 724 725 724 724 725 726 722 722 720 718 720 720 720 721 717 711 711 708 706 710 710 713 711 706 706 713 709 709 709 716
750 748 748 743 747 748 748 752 753 756 756 753 750 750 750 751 754 752 752 748 743 744 744 737 736 743 743 735 735 736 736 734 730 729 729 729 726 723 723 724 728 727 727 729 728 720 720 713 713 713 713 713 713 713 713 713 716 716 716 719 723 723 723 719 715 717 717 717 721 722 718 718 719 712 710 710 710 713 708 708 711 709 706 706 704 705 703 703 706
748 750 750 749 749 748 748 750 755 755 755 751 745 746 746 746 752 750 750 749 746 746 746 741 738 741 741 732 730 734 734 732 728 730 730 728 729 717 717 730 731 732 732 732 731 723 723 718 713 713 713 713 713 713 713 713 721 721 721 721 724 723 723 714 714 713 713 714 718 721 717 717 717 710 710 710 710 710 708 708 711 712 711 711 706 708 707 707 706
748 747 747 743 744 742 742 742 743 744 744 746 748 744 744 742 742 743 743 744 744 743 743 743 743 737 737 731 735 734 734 735 736 738 738 736 732 725 725 723 721 725 725 722 713 713 713 713 713 717 717 714 717 723 723 727 721 719 719 718 721 719 719 715 712 712 712 713 718 718 716 716 724 717 708 708 710 717 711 711 715 717 719 719 714 709 712 712 713
752 750 750 744 743 741 741 739 742 743 743 743 746 742 742 742 739 744 744 742 741 739 739 736 735 732 732 726 729 732 732 738 734 735 735 734 735 728 728 720 719 721 721 722 713 714 714 717 713 725 725 729 727 726 726 728 719 720 720 721 719 716 716 714 714 711 711 711 713 714 718 718 722 718 707 707 711 718 717 717 714 715 717 717 717 715 716 716 715
752 750 750 749 746 746 746 740 735 735 735 741 745 739 739 736 740 745 745 743 742 740 740 729 726 725 725 726 724 727 727 728 729 731 731 732 734 735 735 729 730 725 725 725 731 731 731 727 731 729 729 728 726 724 724 725 726 727 727 730 726 718 718 714 720 715 715 712 715 720 720 720 722 722 714 714 715 721 720 720 719 718 715 715 717 719 719 719 716
752 750 750 752 748 750 750 747 737 735 735 735 741 738 738 735 742 744 744 743 736 731 731 726 727 725 725 727 726 725 725 729 731 730 730 730 729 731 731 731 731 723 723 729 732 732 732 726 725 725 725 724 722 723 723 727 732 729 729 731 720 718 718 720 720 718 718 712 713 721 723 723 721 721 716 716 713 720 720 720 720 719 715 715 715 717 718 718 718
