ModelEINP/Resources/heights.asc
ncols        137
nrows        163
xllcorner    -112.950833333333
yllcorner    53.511250000000
dx           0.001253041363
dy           0.001252556237
NODATA_value -32767
[rows 40 to 79 of 163, columns 0 to 88 of 137]
-32767 -32767 -32767 -32767 -32767 -32767 -32767 -32767 -32767 -32767 -32767 -32767 -32767 -32767 -32767 -32767 -32767 -32767 -32767 -32767 -32767 -32767 -32767 -32767 -32767 -32767 -32767 -32767 -32767 -32767 -32767 -32767 -32767 -32767 -32767 -32767 -32767 -32767 -32767 -32767 -32767 -32767 -32767 -32767 -32767 -32767 -32767 -32767 -32767 -32767 -32767 -32767 -32767 -32767 -32767 -32767 -32767 -32767 -32767 713 715 716 716 719 718 725 725 715 721 721 725 725 725 716 721 721 731 718 715 715 714 716 728 728 730 723 715 715 711
-32767 -32767 -32767 -32767 -32767 -32767 -32767 -32767 -32767 -32767 -32767 -32767 -32767 -32767 -32767 -32767 -32767 -32767 -32767 -32767 -32767 -32767 -32767 -32767 -32767 -32767 -32767 -32767 -32767 -32767 -32767 -32767 -32767 -32767 -32767 -32767 -32767 -32767 -32767 -32767 -32767 -32767 -32767 -32767 -32767 -32767 -32767 -32767 -32767 -32767 -32767 -32767 -32767 -32767 -32767 -32767 -32767 -32767 -32767 720 725 712 712 717 719 719 719 716 727 723 726 726 716 718 724 724 724 723 716 716 721 725 727 727 725 715 713 713 717
-32767 -32767 -32767 -32767 -32767 -32767 -32767 -32767 -32767 -32767 -32767 -32767 -32767 -32767 -32767 -32767 -32767 -32767 -32767 -32767 -32767 -32767 -32767 -32767 -32767 -32767 -32767 -32767 -32767 -32767 -32767 -32767 -32767 -32767 -32767 -32767 -32767 -32767 -32767 -32767 -32767 -32767 -32767 -32767 -32767 -32767 -32767 -32767 -32767 -32767 -32767 -32767 -32767 -32767 -32767 -32767 -32767 -32767 -32767 721 721 720 720 713 717 715 715 713 718 718 718 718 721 714 715 715 726 719 720 720 720 722 725 725 725 720 711 711 713
-32767 -32767 -32767 -32767 -32767 -32767 -32767 -32767 -32767 -32767 -32767 -32767 -32767 -32767 -32767 -32767 -32767 -32767 -32767 -32767 -32767 -32767 -32767 -32767 -32767 -32767 -32767 -32767 -32767 -32767 -32767 -32767 -32767 -32767 -32767 -32767 -32767 -32767 -32767 -32767 -32767 -32767 -32767 -32767 -32767 -32767 -32767 -32767 -32767 -32767 -32767 -32767 -32767 -32767 -32767 -32767 -32767 -32767 -32767 725 713 712 712 712 713 713 713 713 715 716 721 721 727 719 725 725 728 723 717 717 717 720 724 724 724 726 716 716 714
-32767 -32767 -32767 -32767 -32767 -32767 -32767 -32767 -32767 -32767 -32767 -32767 -32767 -32767 -32767 -32767 -32767 -32767 -32767 -32767 -32767 -32767 -32767 -32767 -32767 -32767 -32767 -32767 -32767 -32767 -32767 -32767 -32767 -32767 -32767 -32767 -32767 -32767 -32767 -32767 -32767 -32767 -32767 -32767 -32767 -32767 -32767 -32767 -32767 -32767 -32767 -32767 -32767 -32767 -32767 -32767 -32767 -32767 -32767 726 726 716 716 710 712 715 715 712 715 716 717 717 720 720 727 727 726 725 721 721 719 716 724 724 727 725 720 720 716
-32767 -32767 -32767 -32767 -32767 -32767 -32767 -32767 -32767 -32767 -32767 -32767 -32767 -32767 -32767 -32767 -32767 -32767 -32767 -32767 -32767 -32767 -32767 -32767 -32767 -32767 -32767 -32767 -32767 -32767 -32767 -32767 -32767 -32767 -32767 -32767 -32767 -32767 -32767 -32767 -32767 -32767 -32767 -32767 -32767 -32767 -32767 -32767 -32767 -32767 -32767 -32767 -32767 -32767 -32767 -32767 -32767 -32767 -32767 717 719 716 716 712 710 715 715 717 715 715 715 715 719 724 724 724 726 725 724 724 717 723 722 722 722 720 725 725 729
-32767 -32767 -32767 -32767 -32767 -32767 -32767 -32767 -32767 -32767 -32767 -32767 -32767 -32767 -32767 -32767 -32767 -32767 -32767 -32767 -32767 -32767 -32767 -32767 -32767 -32767 -32767 -32767 -32767 -32767 -32767 -32767 -32767 -32767 -32767 -32767 -32767 -32767 -32767 -32767 722 729 729 729 727 726 726 726 727 730 730 723 718 713 713 715 715 715 715 713 713 713 713 719 714 712 712 712 716 719 718 718 719 724 725 725 726 726 724 724 717 724 724 724 717 720 730 730 731
-32767 -32767 -32767 -32767 -32767 -32767 -32767 -32767 -32767 -32767 -32767 -32767 -32767 -32767 -32767 -32767 -32767 -32767 -32767 -32767 -32767 -32767 -32767 -32767 -32767 -32767 -32767 -32767 -32767 -32767 -32767 -32767 -32767 -32767 -32767 -32767 -32767 -32767 -32767 -32767 720 719 719 723 729 726 726 723 719 720 720 717 716 717 717 730 722 717 717 718 711 712 712 713 720 722 722 714 714 716 715 715 721 728 730 730 728 727 725 725 724 726 717 717 715 729 731 731 732
-32767 -32767 -32767 -32767 -32767 -32767 -32767 -32767 -32767 -32767 -32767 -32767 -32767 -32767 -32767 -32767 -32767 -32767 -32767 -32767 -32767 -32767 -32767 -32767 -32767 -32767 -32767 -32767 -32767 -32767 -32767 -32767 -32767 -32767 -32767 -32767 -32767 -32767 -32767 -32767 720 722 722 728 732 734 734 724 720 717 717 717 716 720 720 726 717 714 714 717 722 723 723 713 716 717 717 719 719 721 715 715 725 730 732 732 730 727 724 724 722 726 718 718 715 731 729 729 729
-32767 -32767 -32767 -32767 -32767 -32767 -32767 -32767 -32767 -32767 -32767 -32767 -32767 -32767 -32767 -32767 -32767 -32767 -32767 -32767 -32767 -32767 -32767 -32767 -32767 -32767 -32767 -32767 -32767 -32767 -32767 -32767 -32767 -32767 -32767 -32767 -32767 -32767 -32767 -32767 721 722 722 723 723 728 728 725 715 716 716 716 719 725 725 719 714 714 714 715 719 715 715 712 716 714 714 717 721 717 717 717 729 729 729 729 727 723 721 721 723 717 716 716 722 723 727 727 733
-32767 -32767 -32767 -32767 -32767 -32767 -32767 -32767 -32767 -32767 -32767 -32767 -32767 -32767 -32767 -32767 -32767 -32767 -32767 -32767 -32767 -32767 -32767 -32767 -32767 -32767 -32767 -32767 -32767 -32767 -32767 -32767 -32767 -32767 -32767 -32767 -32767 -32767 -32767 -32767 726 728 728 728 722 719 719 717 716 715 715 715 721 723 723 720 715 714 714 716 714 714 714 714 719 715 715 720 727 725 725 725 729 730 731 731 728 725 716 716 720 716 716 716 724 725 729 729 731
-32767 -32767 -32767 -32767 -32767 -32767 -32767 -32767 -32767 -32767 -32767 -32767 -32767 -32767 -32767 -32767 -32767 -32767 -32767 -32767 -32767 -32767 -32767 -32767 -32767 -32767 -32767 -32767 -32767 -32767 -32767 -32767 -32767 -32767 -32767 -32767 -32767 -32767 -32767 -32767 721 721 721 719 717 721 721 720 725 723 723 727 720 715 715 716 723 723 723 715 715 713 713 713 716 713 713 729 729 733 731 731 733 733 731 731 731 734 722 722 716 720 717 717 727 730 736 736 737
-32767 -32767 -32767 -32767 -32767 -32767 -32767 -32767 -32767 -32767 -32767 -32767 -32767 -32767 -32767 -32767 -32767 -32767 -32767 -32767 -32767 -32767 -32767 -32767 -32767 -32767 -32767 -32767 -32767 -32767 -32767 -32767 -32767 -32767 -32767 -32767 -32767 -32767 -32767 -32767 722 721 721 717 714 719 719 724 729 724 724 723 717 718 718 717 723 722 722 714 714 714 714 713 713 716 716 727 730 728 728 728 725 729 728 728 731 729 727 727 726 726 717 717 725 730 731 731 736
-32767 -32767 -32767 -32767 -32767 -32767 -32767 -32767 -32767 -32767 -32767 -32767 -32767 -32767 -32767 -32767 -32767 -32767 -32767 -32767 -32767 -32767 -32767 -32767 -32767 -32767 -32767 -32767 -32767 -32767 -32767 -32767 -32767 -32767 -32767 -32767 -32767 -32767 -32767 732 727 718 718 723 721 721 721 725 724 721 721 719 718 716 716 724 727 723 723 716 730 724 724 717 724 729 729 725 724 726 725 725 730 725 724 724 727 727 726 726 724 724 722 722 717 716 718 718 727
-32767 -32767 -32767 -32767 -32767 -32767 -32767 -32767 -32767 -32767 -32767 -32767 -32767 -32767 -32767 -32767 -32767 -32767 -32767 -32767 -32767 -32767 -32767 -32767 -32767 -32767 -32767 -32767 -32767 -32767 -32767 -32767 -32767 -32767 -32767 -32767 -32767 -32767 -32767 725 720 721 721 721 719 723 723 723 722 720 720 719 716 719 719 727 726 721 721 721 724 723 723 729 726 730 730 728 727 728 734 734 728 728 726 726 723 721 726 726 731 726 724 724 723 721 718 718 729
-32767 -32767 -32767 -32767 -32767 -32767 -32767 -32767 -32767 -32767 -32767 -32767 -32767 -32767 -32767 -32767 -32767 -32767 -32767 -32767 -32767 -32767 -32767 -32767 -32767 -32767 -32767 -32767 -32767 -32767 -32767 -32767 -32767 -32767 -32767 -32767 -32767 -32767 -32767 718 719 715 715 718 718 726 726 721 721 726 726 721 719 722 722 725 729 724 724 720 721 720 720 726 731 732 732 733 732 730 726 726 728 728 725 725 727 724 720 720 722 721 719 719 724 722 717 717 726
-32767 -32767 -32767 -32767 -32767 -32767 -32767 -32767 -32767 -32767 -32767 -32767 -32767 -32767 -32767 -32767 -32767 -32767 -32767 -32767 -32767 -32767 -32767 -32767 -32767 -32767 -32767 -32767 -32767 -32767 -32767 -32767 -32767 -32767 -32767 -32767 -32767 -32767 -32767 719 716 716 716 716 719 719 719 717 721 725 725 722 721 722 722 720 727 730 730 734 720 719 719 720 729 730 730 731 731 730 729 729 727 724 727 727 728 725 727 727 721 719 726 726 724 719 718 718 727
-32767 -32767 -32767 -32767 -32767 -32767 -32767 -32767 -32767 -32767 -32767 -32767 -32767 -32767 -32767 -32767 -32767 -32767 -32767 -32767 -32767 -32767 -32767 -32767 -32767 -32767 -32767 -32767 -32767 -32767 -32767 -32767 -32767 -32767 -32767 -32767 -32767 -32767 -32767 714 711 714 714 717 716 718 718 719 724 723 723 721 721 720 720 723 723 720 720 721 722 724 724 726 730 729 729 731 730 729 732 732 729 729 725 725 721 723 725 725 721 720 722 722 727 723 723 723 723
-32767 -32767 -32767 -32767 -32767 -32767 -32767 -32767 -32767 -32767 -32767 -32767 -32767 -32767 -32767 -32767 -32767 -32767 -32767 -32767 722 726 726 718 716 715 715 720 717 716 716 720 712 711 711 711 711 711 711 714 712 713 713 716 715 715 715 718 722 726 726 721 718 717 717 718 719 721 721 720 721 723 723 733 733 733 733 734 731 727 728 728 727 729 730 730 727 729 727 727 722 721 726 726 728 724 721 721 718
-32767 -32767 -32767 -32767 -32767 -32767 -32767 -32767 -32767 -32767 -32767 -32767 -32767 -32767 -32767 -32767 -32767 -32767 -32767 -32767 720 726 726 714 714 713 713 713 717 717 717 717 718 711 711 711 711 711 711 711 711 712 712 711 715 715 715 715 719 717 717 717 716 715 715 725 721 718 718 719 721 726 726 723 728 728 728 735 734 727 726 726 727 729 726 726 724 724 725 725 725 722 720 720 726 727 727 727 727
-32767 -32767 -32767 -32767 -32767 -32767 -32767 -32767 -32767 -32767 -32767 -32767 -32767 -32767 -32767 -32767 -32767 -32767 -32767 -32767 717 722 722 722 713 711 711 715 717 714 714 714 718 720 720 719 720 719 719 720 716 720 720 715 717 716 716 722 715 714 714 720 717 715 715 728 720 720 720 720 722 724 724 724 725 727 727 729 732 728 729 729 727 724 729 729 729 726 730 730 729 723 720 720 725 728 720 720 726
-32767 -32767 -32767 -32767 -32767 -32767 -32767 -32767 -32767 -32767 -32767 -32767 -32767 -32767 -32767 -32767 -32767 -32767 -32767 -32767 726 727 727 720 721 726 726 726 727 719 719 714 713 714 714 720 718 716 716 718 716 716 716 720 722 723 723 717 720 725 725 721 719 717 717 719 725 722 722 724 724 726 726 727 723 726 726 726 732 734 730 730 733 732 729 729 725 724 722 722 723 720 722 722 719 719 724 724 729
-32767 -32767 -32767 -32767 -32767 -32767 -32767 -32767 -32767 -32767 -32767 -32767 -32767 -32767 -32767 -32767 -32767 -32767 -32767 -32767 719 718 718 719 724 726 726 728 729 725 725 721 714 716 716 722 717 716 716 716 716 716 716 719 721 716 716 717 718 725 725 722 725 724 724 723 724 726 726 727 726 728 728 725 722 723 723 724 731 731 735 735 734 731 729 729 728 724 723 723 723 727 720 720 719 725 728 728 727
-32767 -32767 -32767 -32767 -32767 -32767 -32767 -32767 -32767 -32767 -32767 -32767 -32767 -32767 -32767 -32767 -32767 -32767 -32767 -32767 719 723 723 725 726 728 728 726 726 725 725 728 727 722 722 720 716 716 716 716 716 716 716 716 716 720 720 724 721 722 722 719 719 721 721 722 726 731 731 729 723 720 720 721 721 724 724 726 731 731 730 730 730 732 727 727 727 723 725 725 723 728 728 728 721 720 719 719 719
-32767 -32767 -32767 -32767 -32767 -32767 -32767 -32767 -32767 -32767 -32767 -32767 -32767 -32767 -32767 -32767 -32767 -32767 -32767 -32767 724 726 726 723 724 726 726 726 724 725 725 724 724 724 724 718 716 716 716 716 716 716 716 716 716 720 720 720 719 719 719 719 724 717 717 722 724 727 727 725 725 721 721 720 721 725 725 727 735 734 731 731 732 732 731 731 730 725 723 723 724 724 722 722 719 719 719 719 719
-32767 -32767 -32767 -32767 -32767 -32767 -32767 -32767 -32767 -32767 -32767 -32767 -32767 -32767 -32767 -32767 -32767 -32767 -32767 -32767 728 726 726 726 725 721 721 719 723 722 722 722 724 724 724 725 716 716 716 716 716 717 717 717 719 718 718 721 722 723 723 725 716 716 716 716 716 723 723 725 729 728 728 722 727 724 724 728 732 733 728 728 729 729 728 728 728 726 722 722 727 722 721 721 722 722 719 719 719
-32767 -32767 -32767 -32767 -32767 -32767 -32767 -32767 -32767 -32767 -32767 -32767 -32767 -32767 -32767 -32767 -32767 -32767 -32767 -32767 723 726 726 717 717 719 719 717 715 719 719 725 724 725 725 724 725 720 720 721 723 733 733 727 726 720 720 718 722 723 723 720 716 716 716 716 716 723 723 724 729 727 727 717 724 726 726 729 735 733 726 726 734 734 733 733 731 725 724 724 727 723 723 723 726 720 719 719 719
-32767 -32767 -32767 -32767 -32767 -32767 -32767 -32767 -32767 -32767 -32767 -32767 -32767 -32767 -32767 -32767 -32767 -32767 -32767 -32767 721 720 720 717 715 715 715 715 715 715 715 715 715 720 720 715 715 725 725 728 717 727 727 725 726 719 719 717 716 716 716 716 716 719 719 716 716 716 716 724 721 716 716 716 716 728 728 733 731 735 729 729 728 727 727 727 724 724 727 727 730 731 729 729 733 728 728 728 728
-32767 -32767 -32767 -32767 -32767 -32767 -32767 -32767 -32767 -32767 -32767 -32767 -32767 -32767 -32767 -32767 -32767 -32767 -32767 -32767 721 718 718 715 715 715 715 715 715 715 715 715 715 715 715 715 715 715 715 720 716 723 723 724 722 728 728 717 722 727 727 725 726 731 731 716 716 716 716 728 717 716 716 716 716 727 727 732 728 733 729 729 728 730 731 731 728 725 729 729 727 729 733 733 733 730 723 723 723
723 723 723 719 720 719 719 719 720 723 723 728 726 723 723 725 721 720 720 723 722 715 715 715 715 715 715 715 715 715 715 715 715 715 715 715 715 717 717 718 715 715 715 723 723 718 718 725 730 725 725 728 729 732 732 730 725 716 716 716 716 716 716 717 721 735 735 730 729 731 733 733 734 733 731 731 726 728 729 729 730 735 733 733 730 727 724 724 720
721 722 722 719 720 720 720 719 719 722 722 728 725 726 726 725 724 723 723 724 724 718 718 715 715 715 715 715 715 715 715 715 715 715 715 715 715 715 715 716 715 715 715 718 726 723 723 722 728 728 728 727 730 728 728 732 724 720 720 726 716 716 716 717 725 729 729 727 728 734 735 735 735 734 732 732 729 730 730 730 729 730 733 733 729 726 724 724 725
725 719 719 724 732 719 719 719 730 731 731 727 727 726 726 727 729 730 730 727 722 724 724 721 715 715 715 715 715 715 715 720 715 715 715 715 715 715 715 716 720 715 715 715 715 715 715 726 725 725 725 726 727 727 727 731 723 725 725 725 730 730 730 724 730 722 722 721 722 732 736 736 734 731 732 732 734 730 735 735 732 730 735 735 733 732 732 732 735
726 724 724 726 732 719 719 719 729 729 729 731 728 725 725 727 729 732 732 727 726 729 729 726 719 716 716 718 715 716 716 718 718 723 723 720 715 717 717 717 718 719 719 715 715 715 715 715 715 715 715 722 723 731 731 732 722 727 727 730 732 733 733 729 726 719 719 720 721 724 734 734 732 735 733 733 734 733 730 730 731 733 734 734 733 734 733 733 734
723 727 727 731 728 726 726 719 728 733 733 733 732 733 733 732 730 735 735 730 725 727 727 724 725 719 719 723 727 730 730 728 722 730 730 733 731 730 730 724 719 719 719 717 722 715 715 715 715 715 715 715 715 716 716 725 725 727 727 731 737 736 736 732 733 726 726 727 728 731 736 736 736 733 733 733 738 741 739 739 736 732 731 731 729 736 737 737 736
723 726 726 729 727 731 731 720 727 736 736 736 733 732 732 733 731 731 731 728 726 729 729 728 723 722 722 725 727 727 727 725 727 731 731 729 726 727 727 727 723 719 719 720 722 725 725 721 715 715 715 721 723 720 720 721 719 717 717 723 733 738 738 735 728 726 726 726 733 734 733 733 734 735 739 739 740 739 735 735 739 739 727 727 730 733 736 736 739
727 725 725 726 729 734 734 721 723 731 731 731 735 732 732 728 731 730 730 730 726 727 727 724 727 727 727 727 724 729 729 728 733 728 728 727 732 728 728 728 725 728 728 725 722 723 723 721 723 724 724 725 726 727 727 727 722 717 717 718 715 726 726 733 735 738 738 740 737 733 733 733 735 737 738 738 736 738 737 737 738 739 729 729 726 727 732 732 734
723 721 721 730 733 732 732 732 726 733 733 730 730 728 728 725 729 730 730 730 728 726 726 724 725 730 730 731 731 731 731 734 735 728 728 727 732 732 732 726 728 729 729 729 728 727 727 724 725 726 726 722 724 725 725 725 729 723 723 725 722 722 722 733 736 735 735 738 730 733 736 736 737 737 737 737 736 738 739 739 736 737 727 727 734 731 732 732 735
716 716 716 727 733 728 728 727 725 721 721 723 726 725 725 723 725 724 724 723 719 719 719 721 729 731 731 732 732 736 736 734 733 732 732 730 728 729 729 729 730 730 730 732 732 731 731 730 732 732 732 731 732 725 725 723 728 726 726 725 718 724 724 728 732 733 733 733 728 735 734 734 734 733 735 735 742 743 740 740 739 736 740 740 737 736 729 729 730
716 716 716 724 727 724 724 720 724 727 727 730 732 729 729 729 723 719 719 719 719 719 719 719 719 728 728 731 735 736 736 732 734 736 736 729 726 726 726 733 730 731 731 731 732 734 734 732 732 732 732 728 732 728 728 726 725 724 724 722 720 717 717 725 730 730 730 733 729 734 733 733 729 733 739 739 743 743 741 741 737 738 737 737 733 732 730 730 727
721 718 718 716 716 719 719 728 728 735 735 735 733 736 736 727 719 719 719 719 719 719 719 719 719 719 719 724 728 732 732 730 734 733 733 735 734 731 731 729 729 730 730 733 735 732 732 731 734 732 732 733 729 724 724 724 723 722 722 721 717 712 712 712 722 727 727 726 730 732 737 737 729 730 735 735 733 739 739 739 736 733 735 735 738 736 725 725 731
